0.000000000000000000e+00
1.265924535737492640e-01
2.511479871810792242e-01
3.716624556603275731e-01
4.861967361004687072e-01
5.929079290546404035e-01
6.900790114821120369e-01
7.761464642917568213e-01
8.497254299495143881e-01
9.096319953545183301e-01
9.549022414440738737e-01
9.848077530122080203e-01
9.988673391830079629e-01
9.968547759519423845e-01
9.788024462147787430e-01
9.450008187146684557e-01
8.959937742913358649e-01
8.325698546347714002e-01
7.557495743542582689e-01
6.667690005162916211e-01
5.670598638627708521e-01
4.582265217274105185e-01
3.420201433256688794e-01
2.203105327865408081e-01
9.505604330418243597e-02
-3.172793349806785762e-02
-1.580013959733500839e-01
-2.817325568414298376e-01
-4.009305354066137750e-01
-5.136773915734064166e-01
-6.181589862206052777e-01
-7.126941713788629285e-01
-7.957618405308320986e-01
-8.660254037844388186e-01
-9.223542941045813626e-01
-9.638421585599421526e-01
-9.898214418809326842e-01
-9.998741276738750683e-01
-9.938384644612541230e-01
-9.718115683235416524e-01
-9.341478602651067664e-01
-8.814533634475819612e-01
-8.145759520503358386e-01
-7.345917086575330934e-01
-6.427876096865395850e-01
-5.406408174555974444e-01
-4.297949120891719210e-01
-3.120334456984870664e-01
-1.892512443604097427e-01
-6.342391965656452024e-02
6.342391965656492270e-02
1.892512443604101313e-01
3.120334456984874549e-01
4.297949120891715324e-01
5.406408174555977775e-01
6.427876096865392519e-01
7.345917086575334265e-01
8.145759520503356166e-01
8.814533634475820723e-01
9.341478602651066554e-01
9.718115683235417634e-01
9.938384644612541230e-01
9.998741276738750683e-01
9.898214418809327952e-01
9.638421585599420416e-01
9.223542941045815846e-01
8.660254037844382635e-01
7.957618405308318765e-01
7.126941713788629285e-01
6.181589862206056107e-01
5.136773915734057505e-01
4.009305354066134419e-01
2.817325568414298931e-01
1.580013959733505557e-01
3.172793349806701108e-02
-9.505604330418282455e-02
-2.203105327865403362e-01
-3.420201433256679913e-01
-4.582265217274108515e-01
-5.670598638627707411e-01
-6.667690005162912881e-01
-7.557495743542588240e-01
-8.325698546347716222e-01
-8.959937742913358649e-01
-9.450008187146683447e-01
-9.788024462147788540e-01
-9.968547759519423845e-01
-9.988673391830079629e-01
-9.848077530122081313e-01
-9.549022414440736517e-01
-9.096319953545183301e-01
-8.497254299495144991e-01
-7.761464642917572654e-01
-6.900790114821115928e-01
-5.929079290546404035e-01
-4.861967361004689847e-01
-3.716624556603266849e-01
-2.511479871810787801e-01
-1.265924535737492918e-01
-4.898587196589412829e-16
